avg rating of movie per genre per user
   userId    rating  (no genres listed)    Action  Adventure  Animation  Children    Comedy     Crime  Documentary     Drama   Fantasy  Film-Noir    Horror      IMAX   Musical   Mystery   Romance    Sci-Fi  Thriller       War   Western
0       1  3.742857                -1.0  3.727273   3.787671   3.650000  3.605263  3.731707  3.809524         -1.0  3.767442  3.789855       -1.0  3.744444  4.250000  3.666667  3.611111  3.954545  3.712500  3.761905  3.666667  3.375000
1       2  4.000000                -1.0  4.631579   4.823529   3.000000  3.000000  3.900000  5.000000         -1.0  3.894737  2.000000        5.0  3.555556  3.000000  3.000000  4.500000  3.833333  4.608696  4.263158  4.250000  4.500000
2       3  4.122995                -1.0  4.114754   4.220000   3.750000  4.300000  4.057692  4.285714          4.0  4.224138  4.300000        3.0  3.937500 -1.000000  4.000000  4.363636  4.062500  4.000000  4.260000  4.666667  4.333333
3       4  3.571429                -1.0  3.538462   3.833333   4.000000  3.750000  3.545455  3.166667         -1.0  3.750000  3.666667       -1.0 -1.000000 -1.000000  4.000000  2.666667  3.500000  3.000000  3.461538  4.000000  4.000000
4       5  4.272727                -1.0  4.500000   4.523810   4.666667  4.181818  4.083333  4.142857         -1.0  4.185185  3.727273       -1.0  3.000000  5.000000  4.375000  3.500000  3.937500  4.600000  4.333333  4.000000  5.000000
5       6  3.750000                -1.0  3.571429   3.750000   5.000000  3.000000  3.666667  3.500000         -1.0  4.333333  3.500000       -1.0 -1.000000 -1.000000  1.000000  4.500000  3.888889  3.666667  3.500000 -1.000000 -1.000000
6       7  3.289855                -1.0  3.508197   3.525424   3.714286  3.529412  3.221311  2.941176         -1.0  3.269231  3.391304        2.5  3.272727  4.000000  3.333333  3.000000  3.169643  3.367647  3.266667  3.705882  3.444444
7       8  3.800000                -1.0  3.633333   3.736842   3.714286  3.428571  3.640000  3.692308         -1.0  4.192308  3.285714       -1.0  4.333333  3.666667  3.600000  4.666667  3.952381  3.181818  3.923077  4.800000  5.000000
8       9  3.057143                -1.0  3.200000   2.333333   2.000000  1.500000  2.909091  3.285714         -1.0  3.600000  2.000000       -1.0  3.071429 -1.000000 -1.000000  4.250000  4.000000  2.666667  3.076923  4.000000 -1.000000
9      10  3.894737                -1.0  3.812500   3.909091   4.000000  4.000000  4.000000  4.250000         -1.0  3.840000  4.000000       -1.0  4.500000 -1.000000  4.000000  3.000000  3.900000  3.833333  3.500000  3.818182  3.000000
   userId  Action  Adventure  Animation  Children  Comedy  Crime  Documentary  Drama  Fantasy  Film-Noir  Horror  IMAX  Musical  Mystery  Romance  Sci-Fi  Thriller   War  Western  total
0       1    66.0       73.0       10.0      19.0    41.0   21.0          0.0   43.0     69.0        0.0    45.0   2.0      3.0     18.0     11.0    40.0      42.0   9.0      4.0  517.0
1       2    19.0       17.0        1.0       1.0    10.0    1.0          0.0   19.0      1.0        1.0    18.0   1.0      2.0      4.0      6.0    23.0      19.0   4.0      2.0  151.0
2       3    61.0       50.0        4.0      10.0    52.0   21.0          1.0   58.0     20.0        1.0    32.0   0.0      6.0     11.0     16.0    93.0      50.0   6.0      3.0  498.0
3       4    13.0        6.0        2.0       4.0    11.0    6.0          0.0    8.0      3.0        0.0     0.0   0.0      2.0      3.0      4.0     5.0      13.0   1.0      1.0   86.0
4       5    18.0       21.0        6.0      11.0    24.0    7.0          0.0   27.0     11.0        0.0     1.0   3.0      8.0      2.0     16.0    10.0      15.0   1.0      2.0  188.0
5       6     7.0        8.0        1.0       2.0    12.0    2.0          0.0    6.0      4.0        0.0     0.0   0.0      1.0      2.0      9.0     3.0       6.0   0.0      0.0   69.0
6       7    61.0       59.0        7.0      17.0   122.0   17.0          0.0  130.0     23.0        4.0    11.0   1.0      9.0     16.0    112.0    68.0      45.0  17.0      9.0  735.0
7       8    30.0       19.0        7.0       7.0    25.0   13.0          0.0   26.0      7.0        0.0     3.0   3.0      5.0      3.0     21.0    11.0      26.0   5.0      3.0  222.0
8       9     5.0        3.0        1.0       2.0    11.0    7.0          0.0   10.0      1.0        0.0    14.0   0.0      0.0      4.0      3.0     3.0      13.0   1.0      0.0   87.0
9      10    16.0       11.0        1.0       2.0     9.0    4.0          0.0   25.0      3.0        0.0     2.0   0.0      1.0      1.0     10.0     6.0       4.0  11.0      1.0  117.0


number of movie per genre per user
   userId    Action  Adventure  Animation  Children    Comedy     Crime  Documentary     Drama   Fantasy  Film-Noir    Horror      IMAX   Musical   Mystery   Romance    Sci-Fi  Thriller       War   Western
0       1  0.127660   0.141199   0.019342  0.036750  0.079304  0.040619     0.000000  0.083172  0.133462   0.000000  0.087041  0.003868  0.005803  0.034816  0.021277  0.077369  0.081238  0.017408  0.007737
1       2  0.125828   0.112583   0.006623  0.006623  0.066225  0.006623     0.000000  0.125828  0.006623   0.006623  0.119205  0.006623  0.013245  0.026490  0.039735  0.152318  0.125828  0.026490  0.013245
2       3  0.122490   0.100402   0.008032  0.020080  0.104418  0.042169     0.002008  0.116466  0.040161   0.002008  0.064257  0.000000  0.012048  0.022088  0.032129  0.186747  0.100402  0.012048  0.006024
3       4  0.151163   0.069767   0.023256  0.046512  0.127907  0.069767     0.000000  0.093023  0.034884   0.000000  0.000000  0.000000  0.023256  0.034884  0.046512  0.058140  0.151163  0.011628  0.011628
4       5  0.095745   0.111702   0.031915  0.058511  0.127660  0.037234     0.000000  0.143617  0.058511   0.000000  0.005319  0.015957  0.042553  0.010638  0.085106  0.053191  0.079787  0.005319  0.010638
5       6  0.101449   0.115942   0.014493  0.028986  0.173913  0.028986     0.000000  0.086957  0.057971   0.000000  0.000000  0.000000  0.014493  0.028986  0.130435  0.043478  0.086957  0.000000  0.000000
6       7  0.082993   0.080272   0.009524  0.023129  0.165986  0.023129     0.000000  0.176871  0.031293   0.005442  0.014966  0.001361  0.012245  0.021769  0.152381  0.092517  0.061224  0.023129  0.012245
7       8  0.135135   0.085586   0.031532  0.031532  0.112613  0.058559     0.000000  0.117117  0.031532   0.000000  0.013514  0.013514  0.022523  0.013514  0.094595  0.049550  0.117117  0.022523  0.013514
8       9  0.057471   0.034483   0.011494  0.022989  0.126437  0.080460     0.000000  0.114943  0.011494   0.000000  0.160920  0.000000  0.000000  0.045977  0.034483  0.034483  0.149425  0.011494  0.000000
9      10  0.136752   0.094017   0.008547  0.017094  0.076923  0.034188     0.000000  0.213675  0.025641   0.000000  0.017094  0.000000  0.008547  0.008547  0.085470  0.051282  0.034188  0.094017  0.008547
   userId
0       1
1       2
2       3
3       4
4       5
5       6
6       7
7       8
8       9
9      10
     Action  Adventure  Animation  Children    Comedy     Crime  Documentary     Drama   Fantasy  Film-Noir    Horror      IMAX   Musical   Mystery   Romance    Sci-Fi  Thriller       War   Western
0  0.127660   0.141199   0.019342  0.036750  0.079304  0.040619     0.000000  0.083172  0.133462   0.000000  0.087041  0.003868  0.005803  0.034816  0.021277  0.077369  0.081238  0.017408  0.007737
1  0.125828   0.112583   0.006623  0.006623  0.066225  0.006623     0.000000  0.125828  0.006623   0.006623  0.119205  0.006623  0.013245  0.026490  0.039735  0.152318  0.125828  0.026490  0.013245
2  0.122490   0.100402   0.008032  0.020080  0.104418  0.042169     0.002008  0.116466  0.040161   0.002008  0.064257  0.000000  0.012048  0.022088  0.032129  0.186747  0.100402  0.012048  0.006024
3  0.151163   0.069767   0.023256  0.046512  0.127907  0.069767     0.000000  0.093023  0.034884   0.000000  0.000000  0.000000  0.023256  0.034884  0.046512  0.058140  0.151163  0.011628  0.011628
4  0.095745   0.111702   0.031915  0.058511  0.127660  0.037234     0.000000  0.143617  0.058511   0.000000  0.005319  0.015957  0.042553  0.010638  0.085106  0.053191  0.079787  0.005319  0.010638
5  0.101449   0.115942   0.014493  0.028986  0.173913  0.028986     0.000000  0.086957  0.057971   0.000000  0.000000  0.000000  0.014493  0.028986  0.130435  0.043478  0.086957  0.000000  0.000000
6  0.082993   0.080272   0.009524  0.023129  0.165986  0.023129     0.000000  0.176871  0.031293   0.005442  0.014966  0.001361  0.012245  0.021769  0.152381  0.092517  0.061224  0.023129  0.012245
7  0.135135   0.085586   0.031532  0.031532  0.112613  0.058559     0.000000  0.117117  0.031532   0.000000  0.013514  0.013514  0.022523  0.013514  0.094595  0.049550  0.117117  0.022523  0.013514
8  0.057471   0.034483   0.011494  0.022989  0.126437  0.080460     0.000000  0.114943  0.011494   0.000000  0.160920  0.000000  0.000000  0.045977  0.034483  0.034483  0.149425  0.011494  0.000000
9  0.136752   0.094017   0.008547  0.017094  0.076923  0.034188     0.000000  0.213675  0.025641   0.000000  0.017094  0.000000  0.008547  0.008547  0.085470  0.051282  0.034188  0.094017  0.008547
          X         Y
0  0.247582 -0.120316
1  0.266077 -0.112086
2  0.277171 -0.108496
3  0.277352 -0.083950
4  0.279976 -0.011906
5  0.278225 -0.018096
6  0.311244  0.046582
7  0.277712 -0.046331
8  0.249653 -0.020124
9  0.282545  0.015517
[ 0.87254078  0.05113608]
failed to get the current screen resources